11111111111111111111111111100000000000011111
00001111111111111111111111100000000000011111
00000000000000000000000000000000001110011111
00000000001111000000000000000111101110000000
00111111101111001111110111000111101110000000
00111111101111001111110111000111101110011100
00110110101111001111110000000111100000011100
00000000000000001111110000000000000000000000
00000000000000000000000000000000001111000000
11111110011111100000000000000111001111001110
11111110011111100111101111000111001111001110
11111110011111100111101111000000001111000000
11111110011111100011111110000000000000000111
11111110011111100011111110000000000000000111
11100000000000000011111110001111000000000111
11100011100000000011111110001111000111100111
11100011100000000011101110001111000111100111
11110000000011110011101110001111000111100000
11110000000011110000000000000000000111100111
11110001110011110000000111000000000000000111
11110001110011110000000111000000000000000011
00000000000000000000000000011110000000000000
00000000000000000000111100011110001110011111
11111110011110000000111100011110001110011111
11111110011110011101111110011110000000011111
11111110011110011101111110000000000000011111
11111110011110000001111110000000111000011111
00000000000000000000000000000000111000000000
00000000000000000000000000000000000000000000
11111111111111111111111111111111111111111111
